# 93/300 iterations complete ✅ (13647.75s)
# Results saved to runs/detect/tune2
# Best fitness=0.69212 observed at iteration 9
# Best fitness metrics are {'metrics/precision(B)': 0.95519, 'metrics/recall(B)': 0.94342, 'metrics/mAP50(B)': 0.97449, 'metrics/mAP50-95(B)': 0.66074, 'val/box_loss': 1.58232, 'val/cls_loss': 0.68542, 'val/dfl_loss': 1.01487, 'fitness': 0.69212}
# Best fitness model is runs/detect/train12
# Best fitness hyperparameters are printed below.

lr0: 0.00838
lrf: 0.01346
momentum: 0.86808
weight_decay: 0.00041
warmup_epochs: 3.37112
warmup_momentum: 0.88987
box: 9.86137
cls: 0.44448
dfl: 1.59169
hsv_h: 0.01633
hsv_s: 0.54486
hsv_v: 0.55232
degrees: 0.0
translate: 0.08194
scale: 0.45391
shear: 0.0
perspective: 0.0
flipud: 0.0
fliplr: 0.53219
bgr: 0.0
mosaic: 0.94871
mixup: 0.0
copy_paste: 0.0
